[gd_scene load_steps=13 format=3 uid="uid://cn1rvesevpl0i"]

[ext_resource type="Script" uid="uid://di5kb2t4xihqq" path="res://scripts/game/game_world.gd" id="1"]
[ext_resource type="Script" uid="uid://c6q48yssmniig" path="res://scripts/game/build_system.gd" id="3"]
[ext_resource type="PackedScene" uid="uid://hud" path="res://scenes/ui/hud.tscn" id="4"]
[ext_resource type="Script" uid="uid://df4ks50tbku3" path="res://scripts/game/game_camera.gd" id="8"]
[ext_resource type="Shader" uid="uid://dj4gcvse0odb" path="res://shaders/pixel_art_post_process.gdshader" id="shader_pixel_art"]

[sub_resource type="ProceduralSkyMaterial" id="SkyMat_1"]
sky_top_color = Color(0.35, 0.45, 0.65, 1)
sky_horizon_color = Color(0.55, 0.6, 0.67, 1)
ground_bottom_color = Color(0.18, 0.22, 0.16, 1)
ground_horizon_color = Color(0.3, 0.35, 0.3, 1)
sun_angle_max = 10.0
sun_curve = 0.05

[sub_resource type="Sky" id="Sky_1"]
sky_material = SubResource("SkyMat_1")

[sub_resource type="Environment" id="Environment_1"]
background_mode = 2
sky = SubResource("Sky_1")
ambient_light_source = 3
tonemap_mode = 2

[sub_resource type="CameraAttributesPractical" id="CameraAttr_1"]

[sub_resource type="PlaneMesh" id="PlaneMesh_ground"]
size = Vector2(128, 128)

[sub_resource type="StandardMaterial3D" id="Material_ground"]
shading_mode = 0
albedo_color = Color(0.28, 0.36, 0.24, 1)

[sub_resource type="ShaderMaterial" id="ShaderMaterial_pixel_art"]
shader = ExtResource("shader_pixel_art")
shader_parameter/pixel_scale = 5.0
shader_parameter/bit_depth = 12.0
shader_parameter/dither_strength = 0.4

[node name="GameWorld" type="Node3D"]
script = ExtResource("1")

[node name="WorldEnvironment" type="WorldEnvironment" parent="."]
environment = SubResource("Environment_1")
camera_attributes = SubResource("CameraAttr_1")

[node name="Camera3D" type="Camera3D" parent="."]
transform = Transform3D(0.707107, -0.408248, 0.57735, 0, 0.816497, 0.57735, -0.707107, -0.408248, 0.57735, 64, 74.1, 64)
projection = 1
size = 40.0
near = 10.0
far = 200.0
script = ExtResource("8")

[node name="GroundPlane" type="MeshInstance3D" parent="."]
transform = Transform3D(1, 0, 0, 0, 1, 0, 0, 0, 1, 64, -0.01, 64)
mesh = SubResource("PlaneMesh_ground")
surface_material_override/0 = SubResource("Material_ground")

[node name="SunLight" type="DirectionalLight3D" parent="."]
transform = Transform3D(0.866025, -0.353553, 0.353553, 0, 0.707107, 0.707107, -0.5, -0.612372, 0.612372, 0, 20, 0)
shadow_enabled = true
directional_shadow_mode = 0
directional_shadow_max_distance = 120.0

[node name="MoonLight" type="DirectionalLight3D" parent="."]
transform = Transform3D(0.866025, -0.353553, 0.353553, 0, 0.707107, 0.707107, -0.5, -0.612372, 0.612372, 0, 20, 0)
light_color = Color(0.21839997, 0.78, 0.56472003, 1)
light_energy = 0.0

[node name="ObjectLayer" type="Node3D" parent="."]

[node name="BuildingLayer" type="Node3D" parent="ObjectLayer"]

[node name="ItemLayer" type="Node3D" parent="ObjectLayer"]

[node name="GhostLayer" type="Node3D" parent="."]

[node name="BuildSystem" type="Node" parent="."]
script = ExtResource("3")

[node name="PostProcessLayer" type="CanvasLayer" parent="."]
layer = 50

[node name="PixelArtRect" type="ColorRect" parent="PostProcessLayer"]
visible = false
material = SubResource("ShaderMaterial_pixel_art")
anchors_preset = 15
anchor_right = 1.0
anchor_bottom = 1.0
grow_horizontal = 2
grow_vertical = 2
mouse_filter = 2

[node name="UI" type="CanvasLayer" parent="."]
layer = 100

[node name="HUD" parent="UI" instance=ExtResource("4")]
